cutoff_ages <- c(6000, 25000)
